1287335647
1241670217
1092973052
1700312592
584339148
303498764
671932004
263485491
2132128385
645022143
1615179934
374944159
1976503934
1539566709
1682153926
288888741
394702584
2012815143
503201298
197781263
1825574440
26689231
228330575
1791381130
1415191752
2021260273
334709192
1460500310
286581249
270442414
541837331
1707964352
182796264
1479551746
572048467
242724357
1122287
541897013
1775355114
1271896427
1456543996
1599792910
1606288608
28794381
209375244
1209932122
1288801464
1134403962
186588397
1735649569
216163668
1287335647
1241670217
1092973052
1700312592
584339148
303498764
671932004
263485491
2132128385
645022143
1615179934
374944159
1976503934
1539566709
1682153926
288888741
394702584
2012815143
503201298
197781263
1825574440
26689231
228330575
1791381130
1415191752
2021260273
334709192
1460500310
286581249
270442414
541837331
1707964352
182796264
1479551746
572048467
242724357
1122287
541897013
1775355114
1271896427
1456543996
1599792910
1606288608
28794381
209375244
1209932122
1288801464
43236898
1503807032
1924038487
176113322
710551526
30480663
17137422
180419482
2115321715
1443334195
1593036917
1417999136
308286661
1952405868
24004337
1137907951
7213227
1451218107
144526493
1181187391
227352896
244179615
1645809440
2049610471
295431208
1626786387
1080622899
184135383
195358560
2103655687
43039321
1702285051
34537358
219240482
781759633
1757077373
2101644975
1074384536
201650315
604355870
29976048
1532764194
1452036763
1803349258
1576420778
1503022636
1193933240
749869882
1729895116
996589171
1070595531
918015552
1922527337
271238664
1079593171
1520826701
1363198170
4223700
8471457
429604433
1322389252
2109687877
1660129108
196399182
423482814
19818714
199599823
1528926763
1422575608
675843994
1766930959
313811773
2344571
670368599
1558347967
2070861011
8042545
1181267975
695750014
1903313508
557431725
2118880202
267804795
202236164
244386641
258971224
2134518618
1576117336
1700034665
1555018276
434424364
31062426
1831986187
201828013
1176465303
1719138189
38841574
1616338270
1824865164
1671117998
524838626
1752410121
1554613961
843364911
666073472
702610390
1339693141
1834703695
230289369
262265777
1502788651
1998462696
860959052
4509413
2057689476
1436609474
17913437
253879199
1780103456
323486173
143717114
29912150
26123222
1803358889
225382689
35116333
145067857
1097234464
1774669730
1583777625
1096013929
1528902493
274191716
367674732
263643248
1808032702
1818705357
1835946815
1616220976
531776838
507743426
1462678162
453622844
511052422
904888185
1301982995
250418186
9054695
1777309240
145885089
277827907
1669457400
8342729
847312672
985095148
1500272020
896614314
751821527
1312066545
2119223514
1538556892
1638844624
916070157
317854694
543169917
1515913940
439193006
189138839
1720362006
675725325
998590353
1706488090
40335742
539003650
534086152
267747770
6596514
238016131
1764742015
1289883117
1783481089
1741846293
1091276116
2091244271
273493643
345883591
1677793582
2126049383
647367103
2035298088
183709510
2127723779
9934694
1562079056
1806294371
7426013
418179707
1396392685
326842089
2072524280
759293004
2118846229
404092343
1269151240
1164271228
2134040437
1726699449
1822696057
1481110424
272024077
1279282592
375464374
253507851
1521460295
1511231895
320185726
288427646
1728923692
1647272869
1528091879
1682962977
9677117
1640646042
1562964392
1648432131
351329290
2116087543
197542729
552479068
187140556
1722701000
1626589557
1969213991
674738214
331295082
1507098417
1401534012
322202754
1528260252
467360654
1519522907
1013407921
1359477833
1945724647
476336297
234423268
1376647488
2078502414
466960265
2003727335
53645742
1397676615
1519328217
1821409906
1385824587
214407764
1359114699
242346687
3335155
1506807985
810955837
1522763663
1503288110
257151610
177568560
493395529
1877064
1698539388
289248182
482227513
521176974
572030752
1557042005
288604126
1238797266
1645054002
2047201743
1681423588
564752566
276594079
198087301
358543988
50196863
1326275168
1525362780
2092844182
2116040151
1690913939
1358449006
1336137661
1375876358
391154115
374431706
1512528435
3423422
1981715455
1208096818
755760955
490960283
1612663428
1458331398
1628923287
1503907836
2032500432
2082435727
273693067
246987915
41440404
1417076406
2123651615
744738700
1792313632
1380485319
1105129427
2106455936
1822290724
236142123
1996863863
1428969923
753981870
315651512
45223627
1229668400
1213499995
1309764043
1616785324
1507644544
1685948323
569412792
1592216743
233096033
1305973344
1149061859
1702073669
309801079
1156470017
1996845548
225242800
1703550061
191356791
1794069331
1114590930
1619699306
202695791
1484068621
464558231
271619345
2016848569
2041284750
188182324
53996629
1301824508
1807830153
1810885190
1701681082
1555672669
1936927143
1405684167
849581700
1735044370
363105853
1939214139
199372507
442672428
9164696
32051425
1567819908
2128460802
1730533066
1093846101
211446852
672487860
35326975
1987266205
529204886
603638597
203081789
176010625
1539909624
1903712891
1230632251
248980961
290394028
1550541444
1551481041
1021533981
1717109932
1546855433
181627098
1716789300
1835829943
182357924
315716182
1635720011
458915639
1118654081
214559912
255993391
988694196
1470460736
182332440
144203787
173822322
30585999
681627163
354575410
1430037135
43507999
1213488035
2010904343
33159877
564837114
1770863750
387586519
2092850587
1491285805
34527553
2107251729
2099209637
1046157
1496738079
22122826
1908478464
1651021011
2002059713
2122530878
851044480
1479069016
862478228
1078040296
35286351
1571166684
1622514691
46826526
1264297371
183623765
797337138
2022432720
1674558643
1319520
1648630634
561085344
427188117
1685240296
946664239
51230302
197843329
1627188850
32384124
2111266732
190246094
524082576
407217865
1512208904
1539953436
383281967
338849323
47039964
1791628232
1692934
1140750746
1727590489
5289796
202805613
2128086659
5240606
46865210
423322530
1996483303
318553390
21947302
1648925232
1707719155
286161901
1501912974
1408454535
34591121
1456299566
23647229
1596265002
191288733
1282910311
54566601
15033961
1299237903
276698895
1649037660
249247810
2012902274
1625961406
1541152205
19379589
1608168794
1301700706
1809859095
2043606463
2121722093
301914401
2099235475
1229901360
221567187
1636349056
217948511
1951687940
2091653374
1213420320
1836489772
509275761
1516499419
8952912
1741783353
1277490012
395664399
10556009
1994933469
492390256
350826915
54727110
1543508659
2458544
1175793
1994925851
1551238565
1788105544
600888496
1484658031
1479439677
1925303056
33892821
270822791
316019254
1419783291
482177020
390233670
453076946
1934412179
50884617
48659344
1436433837
1779642617
1794638454
1149699385
19573660
174639935
2048916618
242707065
2042038468
269703761
465385994
1263439040
1402687694
1134939625
222355264
33278356
990882803
222197400
306319621
248710004
1565980101
2475981
1697147150
1755711366
1655589904
311637947
2068108377
30998741
203007887
36072027
1668765292
1482767579
1396215664
3150262
47351943
51866427
1692980715
201882316
404129677
329557633
1309181473
453955875
11011641
320950469
1410736216
1370448400
239025937
317063387
50835588
1996512695
1444208057
1472996950
28433051
1742635042
476191367
1684718156
175071867
614523813
1050991707
20630330
1748802193
44477407
513747158
8021090
1303418339
249677807
1406136357
1612797782
51726480
245464286
1655419594
234646348
1465834586
1175633407
684407065
1483281979
32441300
487248802
1082191256
1692607669
244045323
332790077
2056865
2072101044
14436944
1970902659
2022837573
1354355761
640458
1129550888
236854393
17801266
198603071
371784858
2009239236
1263812705
1092929983
1816343326
582856760
1436084549
1693829197
1363307554
252757504
1365443218
370649346
550912
14698712
2042027574
11550460
494697300
713789645
1736157330
1758049411
229597534
1353791262
26260247
2121222160
784823229
208746078
1402278756
969177422
1738641031
18191630
1472363602
1965662097
189762112
55979105
1646586586
2062107797
697330454
300559177
1907668404
34425693
403179615
510214542
1466336935
1733320618
203641333
1585330488
1249283399
198921170
231579946
365181318
210052369
476898694
500228011
360941497
442105953
350800114
1704203856
2040880052
8511904
1222807639
1819887414
363836296
583088336
197443849
1341391939
2122495748
1404098233
1507502134
1995728886
2090922565
1670474326
259814492
292523396
273027137
2002474555
1467105130
212398769
634787033
1938432759
258763646
3116896
315980394
1278080738
1575103269
5697130
679912146
2087711143
35280203
4195820
1411495725
3845841
14899558
329108445
33681533
1220902176
9678840
1701448604
440200744
228963217
412347503
175594203
1446842545
549227072
293527801
996770106
511839055
396953126
8114271
49575727
369570074
2041311317
204831840
185817090
50177827
313904407
44913453
1995652548
35538632
556050483
1579619723
317880812
45344414
1656165329
1359598494
1653521238
517022654
2104929717
26130607
1986039098
30967134
42703637
179345746
1777341906
1359629411
45442355
145869372
506512966
1566173201
6275321
1469260662
851113792
842335585
33057687
1045726544
664090123
265248894
12767208
216365965
1700704805
240747218
2137700361
536662983
1651973486
1994805743
312677370
1131355398
1476170649
264069702
629591274
1006677469
355451176
362266877
1821446951
1565979337
1442621279
1831270054
302181786
1931688597
1724125183
979432964
1309085074
27782569
1770158549
2137327120
1998533184
1324858020
1908434035
383864783
325621483
851848113
392821593
1402868254
1482988019
185403677
1413262949
1285983975
562754671
177362014
187011201
349672545
279915576
1290046677
295392286
9227502
1301829384
1974410969
511799027
262702151
1599101732
1472605473
2100931952
1414234879
2040486249
1647239563
1281958807
1649854452
1690542915
1944108677
291596246
1480510725
214820575
1714968412
423131253
201293187
1370834
1455089848
7979037
1414541094
1389116301
623584899
14119958
256007376
722729353
247596340
2026038963
1461875191
1211657431
37817197
907819061
6062086
1824100135
174559417
213619962
1507907161
1720122073
21186571
1574747587
1129168455
659006060
235664104
343397724
1622142053
447540851
1636006419
1549411091
1462262283
358171683
222190665
1822959021
54209464
1976084231
145636051
1613570894
2021200213
2109295233
1834840690
1970925127
214112350
395973769
394861863
1480391035
453648484
370829279
1469792617
237159663
177246323
1727385059
1634181810
1974113129
303292902
1500454642
1635405609
1763772244
1713258013
218084484
329206927
2070501770
1735367957
18632361
1827873582
1401877861
865378998
53687436
1347727989
173889658
1491084653
364886766
440808576
223372030
223251160
1555789605
249601771
1768211514
300765461
1794815704
270405215
35349953
345578861
690254590
196086040
990765089
1541504199
2132440342
144907104
185705914
224179056
256108665
12095507
366520988
1421301122
359364
1411971255
181341037
1215785346
988743766
1448784269
1552986256
1580518142
732499725
22036006
1723082979
258905018
1435930883
971278469
1676971363
391274255
402346008
271612913
363348381
880900070
1981222964
197480166
1010186099
186253378
1977712471
1486766390
852612760
1360903557
1815487477
1002570277
20890330
264915484
1553973381
1349980094
1811011449
260444034
21815523
572079841
421502050
1104159396
1268641626
670199666
900296280
1034658014
1965278141
1410312545
1379840255
1744510298
277216251
1946912528
211988440
312653254
270199003
1501360398
1773245149
1408305018
1691160158
4612517
404267044
403244504
431043713
348957057
1959307967
21221524
186853895
272742496
1723077936
1311682057
1563268497
1510167269
5520393
1761979815
1460051482
1492267870
330542080
543784
31547022
1703282338
1536177038
1416665846
227567017
210298252
1666692034
241883612
1436386087
26320351
2064013964
333827681
1803391588
22769080
278386324
208108262
1794871592
1786645986
315896491
489861576
2057691093
14733736
1588783750
1172272795
185757477
29577479
1749994936
223323808
175009715
27804192
1775234290
232467883
1946104731
272351703
584256364
31034108
1441894716
1498095185
337231937
1438225602
1407552323
1146978260
200733615
41382111
2121261403
178971051
1705826954
10235645
647380923
1612508090
23939938
622774184
28702133
1279824175
356865453
303307770
1552119492
455839620
1540617490
1415255049
1470571149
1815693548
288684224
212085814
378836317
1589697527
1834761471
364871455
340178490
1329557525
247209863
1519131001
455064568
173998008
52225592
228394663
9117036
1361190340
1812806530
316574538
193941031
199279239
13321120
569841326
389956886
1988123446
198259721
298636120
256849156
2056512414
737413712
233926170
302198276
1780416113
1669897805
309247647
1746801189
1522275132
478582810
36268434
181875723
1973277119
1726343655
2030038335
1224574649
1729836462
511469846
220792834
2065610134
1941236721
1822061777
2096101951
261463981
1545114107
378778928
29492296
201538321
1093153600
29313483
196541811
1102130565
576538909
1693588673
2122484297
475464510
1642730749
919183316
260580916
1237759259
1551554764
1973270729
218774760
1282888203
8558602
330427582
607574054
1623592143
712640877
925186099
4828714
1463911476
1633488883
325837423
232265571
104959459
1313780857
1071452265
31726890
446611420
279773568
1689379458
21136436
1471483395
1183867508
279272147
403478525
591520379
2016833105
195391144
1589184711
1467792393
178247184
1813964997
698699622
294746895
191003260
1618278149
1393104252
1562239267
15255731
312796252
423671944
2039211830
1525015
24459050
2035285409
31040249
1755147663
235826709
628371981
908277046
178285862
1531899494
1453155661
464223531
716984838
31412589
228041495
318811833
1367926468
1553531127
14074263
1349467916
406734074
1605411465
249169606
255888675
1462238119
592875544
397881466
1416921734
1694959708
1421757287
56311
2008048704
363101879
1315905017
1368911912
1707585591
1541266958
346489250
1255140906
1711123326
213203734
512383620
311441701
1821926842
802183012
46235508
212373524
1456960521
14908004
308554
2028507329
2014108291
26164955
145435648
2023720293
202891284
45622309
742965492
176360621
261818652
2132009279
10908275
292873283
1647221233
2022524743
403215718
1396529648
1117145606
1827626746
17208893
1930083493
1536435185
508228325
1130177253
144286365
2136526782
12204488
1459236974
476251884
1958913528
1800097130
10185695
684068524
594259534
2071619181
1836368766
20342346
1325744297
1638773514
1530070837
452783508
1265516846
620806606
146240927
438406669
1926101514
204935003
2027217703
201530349
1719624666
51272012
1651367820
25981819
285251228
368542525
852690137
313301984
384874158
1184183810
48713902
50457901
492013192
622763492
1384381027
284855339
500288289
347733272
251781366
996734226
499028632
1683386600
32174042
236408369
1173973913
1368599669
345228958
268283461
1597169301
7033151
1467939891
2049296024
49101936
30625982
221710818
874307062
13749818
1556378664
3518143
29327183
1261602493
729412539
236238424
1479370704
9077760
1594934744
304448247
1914526112
1494401438
185650593
1362358726
180222776
198097215
566124794
250669171
553435195
379325837
1629168283
1628149214
1362612661
230458414
55662335
211562266
309546452
1482718172
33437549
366537647
853070364
26842527
28783093
674260060
1530944880
244629764
1697926191
262268150
1828713929
208668166
1087514999
1473198924
531364690
408227335
267946847
258755190
268391324
430061708
227497037
309852007
226343491
304726870
1317872793
235713819
1708062189
35772887
1340008136
337114428
2072519798
706861979
53515229
1629946766
1821144422
30750239
181940418
1401278919
18079466
536658707
1537672948
1921328110
1456305106
1394242139
1912104265
441709744
1502074349
1523741943
1480638802
1448048844
1285424119
1575257007
247606427
1642339486
9507756
206486871
321588655
287099826
871840806
1738241050
2085616367
1758713996
576898789
1788613061
486327852
175929656
1523679173
244646148
384713000
990877584
23640497
13081748
1441464954
1739944305
1650525520
48990835
589820017
1785133529
1340973204
1698788856
197119169
333593341
193681700
376103955
1963652505
970573393
489029009
1802152984
1428188575
205135825
2025636649
1097857331
510741433
1464434440
223931800
1705048853
235159222
237809808
336491398
1958115657
1933680362
379913444
1826504745
2024512468
1177775540
651822119
233054821
236695576
30699033
1588940740
1566839910
1399984071
320571290
1952047357
1671940141
13791364
1795986680
8274528
1366980567
1451695718
1446221620
642175670
509739464
1524896760
1378909442
1967291543
280297332
1760891571
1467632524
33587044
313533296
847101650
280926924
1063537533
1820467717
1690724771
1984930995
199866606
1414216994
1036886440
699962392
965095890
915925437
1533842472
199737892
280414057
1564744871
445620794
104927650
234120866
34516325
191392244
1789886336
1650833937
269201493
336926340
1604856520
20056038
261232621
1211970352
39273251
1279387016
41726823
16677094
39045271
1534475163
296429492
1377869200
2131694716
353043140
31849893
420276127
203509846
174917041
291416446
21021330
1702192100
1820489943
277475092
219973793
1572252288
475393913
342122952
281236525
185615135
29925005
499034481
2634525
285847025
441264376
226877594
1592825615
1804314703
903037441
2095312446
545238546
201538396
1181914284
578690067
1289238886
189768006
224224651
561227935
1933224788
194466073
288607128
588658292
319817208
2083667427
1153803909
296501090
33670089
1501265801
1692188610
811201064
1198893499
37646699
1514265527
1759190011
1655924078
34422608
225413318
201301676
208768312
302281779
24025477
1707109746
2034501905
289954518
1943712626
1563772202
364147795
1964526901
261594948
1412442842
7600944
1730085400
35093755
579435717
1445666713
1956418775
206846999
1680731838
195280
1295366811
217710741
190586180
1257140001
180520626
1462980779
502829193
1341061416
1628937428
575585094
182119091
1454797207
1621872796
1418677279
1322788318
2032497977
414683419
579984729
7561255
43629800
429078803
253500733
294045233
46491646
1597050486
945723153
1192961263
1486768954
1830181607
54041489
1508569100
8333196
1113338177
340083913
55583320
1912031551
2612317
1461767926
449707095
197887275
184431457
260117545
1478252393
570145631
1528874689
210548750
1520750341
534707720
2126023172
285827408
1588699829
999735554
1933257437
284424910
257002984
46876827
1430458370
338409041
192372546
1744504129
1684972622
1672570688
1103026795
1401390244
282704646
258055327
1821947508
1416793942
1338946283
1275390061
1431996565
49064616
374626535
1713597466
33144191
8886428
1550347810
1740236787
1419642769
1568010731
1216417707
910345095
304832705
611165831
298650623
182388998
717822659
229827752
299147069
711605
1997276952
1440143960
1708278010
243126123
1932914911
1559956020
1717536553
426121211
353885994
855588762
644320066
2573806
2401280
1011304681
1344744761
1820355962
223152397
1507897931
1492015867
330432878
1425961931
2064072584
1648889417
583699411
216086159
1222917673
1396140330
34877847
1342832355
1530061098
551212029
717495797
695602669
253060819
1991714872
223888589
1577159181
219253555
15775917
1691174293
387782717
1654547618
416130110
663379387
5965321
1823180256
20084287
435160393
210946631
563862706
266932662
2087329674
228621954
327633749
419624780
1453198850
225970279
1561445760
1510507918
1165209579
15640457
227118588
1357118956
364678258
1562882654
49889186
903934496
21619991
342909164
1405328542
1620687076
196844072
305548712
319875047
248276535
1679966570
1994511916
289277175
15384735
188742190
367129676
388727727
243625797
541674964
1326442918
428389105
593714461
360901523
227419158
47103994
1294299149
1669101092
867201740
52991043
1722837860
309585653
14712194
305809153
54779589
1191723825
197864916
1687549252
33183727
1589065304
1750260401
10648358
1665024801
189113309
718233970
400329554
180565653
271579649
1552876536
6231181
2070873739
1830534773
814889065
48506590
558489973
1757689368
455523370
1762247369
284530730
1418217208
278115362
1385821151
1430577393
1557431467
487565829
12462157
1310686484
404303289
16415563
1654212117
399216312
1788717220
403059644
1415728863
1687693397
1639219561
554540002
452646760
19124241
17733100
1649521780
343190951
1730304619
1805896228
1509174484
328466424
1371199699
205074816
1160894040
31527971
13829064
327661493
1632697317
2010927243
2076902328
294988507
187105830
1654229516
1740252489
1617661658
543993313
288893397
1818461648
2044429123
445745937
320439406
571963513
1594888687
1075289665
2075617204
629690233
1479895652
446360247
504312184
1468161010
1720908611
1421921766
674041430
1419171058
855083972
1493400292
519022580
187460636
1471208258
247886355
178577413
15552259
2010457840
297584632
1623386573
329693101
1330607959
222738856
592647270
1237437940
481193289
2042447730
339438987
1205037848
1338831439
1429430140
1576013416
2071546
298793978
909759188
872248295
330872351
294579946
940865013
7473036
305841096
1918905
1406723794
266698192
1099397769
991838468
258089251
355065876
11328617
538315454
179088437
231221012
1363959220
1381632162
468006581
363834915
674469610
1561583557
1756214002
104759055
1555850559
4631018
390737845
1489137614
1661839860
1039839852
204098256
644494528
2094082359
205431952
408761268
177527206
30786287
1470774114
229928229
1751165594
1698609934
2044030616
211362140
3267089
29872730
323933457
2025657554
2105269191
28555298
1363484562
467169961
1589242759
1699327131
387816265
348549648
181536301
421899
1770350593
427495361
2096416389
1575670257
195462953
204997022
201781594
1659631339
21140100
1332905233
175153186
26109197
188241991
291946236
1607076242
1534409306
1532576562
6247850
43968669
1675648677
1979272211
192640135
1393027012
3474381
1429077907
254615283
5981459
347588743
1941277480
1596815513
1916074145
1450074284
194089646
1389679462
1734621649
12532799
1424859511
1966868126
145776727
51955240
1689864075
2044002684
1393591395
187651524
1248889236
1411656074
24617361
1009089789
861246163
1457116626
301923885
2025275662
597490909
1438727032
194626272
37291907
227669833
1529340899
302021854
6590321
19122009
246979737
183994923
2026524173
1664930919
184243664
1315109415
1602713920
1998092961
1920902681
2007712482
2135669844
3086166
1433400890
1167868634
280543271
224732097
24111832
239786669
705352831
1270080167
322481921
1275222409
1273398520
505929921
1550334234
1433935780
1946930086
38008631
1477521500
47694210
2066525751
358201039
2114407093
1699461372
384971705
1564832910
1837305824
278934374
336806305
285170434
1528841142
1415988256
1519414354
381683961
9211709
581847265
1770748727
2068059940
204354878
544153081
1693340808
1421054114
197970269
395838552
240528726
32271362
1820923329
209935384
289663234
222774887
